-1247065149
-1546603912
-1545427524
-1088433860
-1746419732
-1581396232
-1948551484
-1550737211
-1682402473
-1345932523
-1185006213
-2048337843
-1885240637
-1304026222
-1106023253
-1364954363
-1492005600
-1347490382
-1742936753
-1294396180
-1544951944
-1773898990
-1815380388
-1496584767
-2103284040
-1665882416
-1717443177
-1507287465
-1858434599
-1800132214
-1127529111
-2085522263
-1708288316
-1949961561
-1500795980
-2036494091
-1438777748
-1246667828
-1137998354
-1187958161
-1258159828
-2132671066
-1470835120
-1213265528
-1392100616
-1120015825
-1291888180
-1605822688
-1885548653
-1482399965
-2115738848
-1942216696
-1567778786
-1790549549
-1430800640
-1413357514
-1349315846
-1278740028
-1745026704
-1466486274
-1817881356
-1713304093
-1118386640
-1833917867
-1720232254
-1339974998
-2028667975
-1333926178
-1886419104
-1374569713
-1181182172
-1623742553
-1659773737
-1289674116
-1862232079
-2080353073
-1563999743
-1781722634
-1641480212
-1425710154
-2091194955
-2052005841
-1199512027
-1295765821
-1444919968
-1903864137
-1330669278
-1383842195
-2076122216
-2141366093
-1863028242
-1157181098
-1142310465
-1539324692
-1904151432
-1721369881
-1597954939
-1887127109
-1922184411
-1876357446
-1438396147
-1534713762
-1903669370
-1532772133
