1510356835
1931162419
1745458334
1870085940
1624719888
2094504855
2132723813
1682012333
2032598229
2109519429
1659506857
1096946062
1280807994
1285279249
2058136885
1675588562
1354622583
1307866160
1779976253
2063659109
1122695466
2084570989
1370474761
1779471188
1824246849
1178702576
1331798727
1982957383
1799046231
1798462570
2121427520
1917505579
1421178462
1135040902
1469969767
1567030839
1206404686
1921124426
2050895799
1664244018
1205020591
1929233706
1531562094
1635965278
1200105984
1684758540
1221758506
1833676764
1308572744
1193875673
1105399896
1962382985
